roidb loaded from /home/ylin/Code/UDOLO/scannet/oriented_boxes_annotation_val.pkl, totally 40136 samples
40136
Loaded checkpoint log_scannet/104_checkpoint.tar (epoch: 105)
2022-11-26 01:34:05.137906
1 0.9922316 0.9941041 0.73 True False False
1 0.006230961 0.9941041 0.73 True False False
1 6.530299e-06 0.9941041 0.73 True False False
1 9.986541e-06 0.9941041 0.73 True False False
1 6.836379e-05 0.9941041 0.73 True False False
1 1.0088603e-05 0.9941041 0.73 True False False
1 0.00032981308 0.9941041 0.73 True False False
1 2.0632651e-05 0.9941041 0.73 True False False
1 3.0251176e-06 0.9941041 0.73 True False False
1 1.6460406e-05 0.9941041 0.73 True False False
1 5.4062075e-06 0.9941041 0.73 True False False
1 3.1179814e-05 0.9941041 0.73 True False False
1 4.9234977e-08 0.9941041 0.73 True False False
1 4.6559974e-09 0.9941041 0.73 True False False
1 2.2250301e-08 0.9941041 0.73 True False False
1 4.3374075e-06 0.9941041 0.73 True False False
1 1.901142e-07 0.9941041 0.73 True False False
1 0.001014414 0.9941041 0.73 True False False
1 1.5669286e-05 0.9941041 0.73 True False False
1 7.1794005e-07 0.9941041 0.73 True False False
1 7.346572e-07 0.9941041 0.73 True False False
[[(0, array([[-0.22027442,  1.11753074,  1.9224009 ],
       [-0.71696274,  1.11753074,  1.71585866],
       [-0.92767433,  1.11753074,  2.22257333],
       [-0.430986  ,  1.11753074,  2.42911557],
       [-0.22027442,  0.24599274,  1.9224009 ],
       [-0.71696274,  0.24599274,  1.71585866],
       [-0.92767433,  0.24599274,  2.22257333],
       [-0.430986  ,  0.24599274,  2.42911557]]), 0.92064786, 0), (0, array([[-0.67617833,  1.2420602 ,  1.76708996],
       [-0.42884694,  1.2420602 ,  1.36227132],
       [-0.8497144 ,  1.2420602 ,  1.10513461],
       [-1.09704579,  1.2420602 ,  1.50995325],
       [-0.67617833,  0.48594116,  1.76708996],
       [-0.42884694,  0.48594116,  1.36227132],
       [-0.8497144 ,  0.48594116,  1.10513461],
       [-1.09704579,  0.48594116,  1.50995325]]), 0.89472985, 0), (0, array([[-0.21627266,  1.21410064,  1.26303271],
       [ 0.24394425,  1.21410064,  1.55534189],
       [ 0.55943132,  1.21410064,  1.0586333 ],
       [ 0.09921441,  1.21410064,  0.76632411],
       [-0.21627266,  0.30694266,  1.26303271],
       [ 0.24394425,  0.30694266,  1.55534189],
       [ 0.55943132,  0.30694266,  1.0586333 ],
       [ 0.09921441,  0.30694266,  0.76632411]]), 0.9806708, 0), (1, array([[1.84044972, 1.25231313, 1.59988413],
       [0.99679771, 1.25231313, 1.00835793],
       [0.56318172, 1.25231313, 1.62679376],
       [1.40683374, 1.25231313, 2.21831997],
       [1.84044972, 0.47857643, 1.59988413],
       [0.99679771, 0.47857643, 1.00835793],
       [0.56318172, 0.47857643, 1.62679376],
       [1.40683374, 0.47857643, 2.21831997]]), 0.94597197, 0)]]
--------------------------------------------------
[[(0, array([[-0.22027442,  1.11753074,  1.9224009 ],
       [-0.71696274,  1.11753074,  1.71585866],
       [-0.92767433,  1.11753074,  2.22257333],
       [-0.430986  ,  1.11753074,  2.42911557],
       [-0.22027442,  0.24599274,  1.9224009 ],
       [-0.71696274,  0.24599274,  1.71585866],
       [-0.92767433,  0.24599274,  2.22257333],
       [-0.430986  ,  0.24599274,  2.42911557]]), 0.92064786, 0), (0, array([[-0.67617833,  1.2420602 ,  1.76708996],
       [-0.42884694,  1.2420602 ,  1.36227132],
       [-0.8497144 ,  1.2420602 ,  1.10513461],
       [-1.09704579,  1.2420602 ,  1.50995325],
       [-0.67617833,  0.48594116,  1.76708996],
       [-0.42884694,  0.48594116,  1.36227132],
       [-0.8497144 ,  0.48594116,  1.10513461],
       [-1.09704579,  0.48594116,  1.50995325]]), 0.89472985, 0), (0, array([[-0.21627266,  1.21410064,  1.26303271],
       [ 0.24394425,  1.21410064,  1.55534189],
       [ 0.55943132,  1.21410064,  1.0586333 ],
       [ 0.09921441,  1.21410064,  0.76632411],
       [-0.21627266,  0.30694266,  1.26303271],
       [ 0.24394425,  0.30694266,  1.55534189],
       [ 0.55943132,  0.30694266,  1.0586333 ],
       [ 0.09921441,  0.30694266,  0.76632411]]), 0.9806708, 0), (1, array([[1.84044972, 1.25231313, 1.59988413],
       [0.99679771, 1.25231313, 1.00835793],
       [0.56318172, 1.25231313, 1.62679376],
       [1.40683374, 1.25231313, 2.21831997],
       [1.84044972, 0.47857643, 1.59988413],
       [0.99679771, 0.47857643, 1.00835793],
       [0.56318172, 0.47857643, 1.62679376],
       [1.40683374, 0.47857643, 2.21831997]]), 0.94597197, 0)]]
--------------------------------------------------
0.92064786
0.89472985
0.9806708
0.94597197
4
[0 1 2 3]
