roidb loaded from /home/ylin/Code/UDOLO/scannet/oriented_boxes_annotation_val.pkl, totally 40136 samples
40136
Loaded checkpoint log_scannet/104_checkpoint.tar (epoch: 105)
2022-11-26 01:34:34.086604
3 0.9941041 0.73 True False False
[[(0, array([[0.66238703, 1.28753399, 1.61209563],
       [1.09215224, 1.28753399, 1.93488348],
       [1.44172535, 1.28753399, 1.46945592],
       [1.01196014, 1.28753399, 1.14666807],
       [0.66238703, 0.35665334, 1.61209563],
       [1.09215224, 0.35665334, 1.93488348],
       [1.44172535, 0.35665334, 1.46945592],
       [1.01196014, 0.35665334, 1.14666807]]), 0.93096644, 0), (1, array([[-1.19545183,  1.17019422,  1.31726352],
       [-0.14448968,  1.17019422,  1.9095463 ],
       [ 0.2765592 ,  1.17019422,  1.16242607],
       [-0.77440294,  1.17019422,  0.5701433 ],
       [-1.19545183,  0.44680159,  1.31726352],
       [-0.14448968,  0.44680159,  1.9095463 ],
       [ 0.2765592 ,  0.44680159,  1.16242607],
       [-0.77440294,  0.44680159,  0.5701433 ]]), 0.88628036, 0), (0, array([[-0.22027442,  1.11753074,  1.9224009 ],
       [-0.71696274,  1.11753074,  1.71585866],
       [-0.92767433,  1.11753074,  2.22257333],
       [-0.430986  ,  1.11753074,  2.42911557],
       [-0.22027442,  0.24599274,  1.9224009 ],
       [-0.71696274,  0.24599274,  1.71585866],
       [-0.92767433,  0.24599274,  2.22257333],
       [-0.430986  ,  0.24599274,  2.42911557]]), 0.9220483, 0), (1, array([[1.84044972, 1.25231313, 1.59988413],
       [0.99679771, 1.25231313, 1.00835793],
       [0.56318172, 1.25231313, 1.62679376],
       [1.40683374, 1.25231313, 2.21831997],
       [1.84044972, 0.47857643, 1.59988413],
       [0.99679771, 0.47857643, 1.00835793],
       [0.56318172, 0.47857643, 1.62679376],
       [1.40683374, 0.47857643, 2.21831997]]), 0.984672, 0), (0, array([[-0.67617833,  1.2420602 ,  1.76708996],
       [-0.42884694,  1.2420602 ,  1.36227132],
       [-0.8497144 ,  1.2420602 ,  1.10513461],
       [-1.09704579,  1.2420602 ,  1.50995325],
       [-0.67617833,  0.48594116,  1.76708996],
       [-0.42884694,  0.48594116,  1.36227132],
       [-0.8497144 ,  0.48594116,  1.10513461],
       [-1.09704579,  0.48594116,  1.50995325]]), 0.9731145, 0), (0, array([[-0.21627266,  1.21410064,  1.26303271],
       [ 0.24394425,  1.21410064,  1.55534189],
       [ 0.55943132,  1.21410064,  1.0586333 ],
       [ 0.09921441,  1.21410064,  0.76632411],
       [-0.21627266,  0.30694266,  1.26303271],
       [ 0.24394425,  0.30694266,  1.55534189],
       [ 0.55943132,  0.30694266,  1.0586333 ],
       [ 0.09921441,  0.30694266,  0.76632411]]), 0.9944448, 0)]]
--------------------------------------------------
[[(0, array([[0.66238703, 1.28753399, 1.61209563],
       [1.09215224, 1.28753399, 1.93488348],
       [1.44172535, 1.28753399, 1.46945592],
       [1.01196014, 1.28753399, 1.14666807],
       [0.66238703, 0.35665334, 1.61209563],
       [1.09215224, 0.35665334, 1.93488348],
       [1.44172535, 0.35665334, 1.46945592],
       [1.01196014, 0.35665334, 1.14666807]]), 0.93096644, 0), (1, array([[-1.19545183,  1.17019422,  1.31726352],
       [-0.14448968,  1.17019422,  1.9095463 ],
       [ 0.2765592 ,  1.17019422,  1.16242607],
       [-0.77440294,  1.17019422,  0.5701433 ],
       [-1.19545183,  0.44680159,  1.31726352],
       [-0.14448968,  0.44680159,  1.9095463 ],
       [ 0.2765592 ,  0.44680159,  1.16242607],
       [-0.77440294,  0.44680159,  0.5701433 ]]), 0.88628036, 0), (0, array([[-0.22027442,  1.11753074,  1.9224009 ],
       [-0.71696274,  1.11753074,  1.71585866],
       [-0.92767433,  1.11753074,  2.22257333],
       [-0.430986  ,  1.11753074,  2.42911557],
       [-0.22027442,  0.24599274,  1.9224009 ],
       [-0.71696274,  0.24599274,  1.71585866],
       [-0.92767433,  0.24599274,  2.22257333],
       [-0.430986  ,  0.24599274,  2.42911557]]), 0.9220483, 0), (1, array([[1.84044972, 1.25231313, 1.59988413],
       [0.99679771, 1.25231313, 1.00835793],
       [0.56318172, 1.25231313, 1.62679376],
       [1.40683374, 1.25231313, 2.21831997],
       [1.84044972, 0.47857643, 1.59988413],
       [0.99679771, 0.47857643, 1.00835793],
       [0.56318172, 0.47857643, 1.62679376],
       [1.40683374, 0.47857643, 2.21831997]]), 0.984672, 0), (0, array([[-0.67617833,  1.2420602 ,  1.76708996],
       [-0.42884694,  1.2420602 ,  1.36227132],
       [-0.8497144 ,  1.2420602 ,  1.10513461],
       [-1.09704579,  1.2420602 ,  1.50995325],
       [-0.67617833,  0.48594116,  1.76708996],
       [-0.42884694,  0.48594116,  1.36227132],
       [-0.8497144 ,  0.48594116,  1.10513461],
       [-1.09704579,  0.48594116,  1.50995325]]), 0.9731145, 0), (0, array([[-0.21627266,  1.21410064,  1.26303271],
       [ 0.24394425,  1.21410064,  1.55534189],
       [ 0.55943132,  1.21410064,  1.0586333 ],
       [ 0.09921441,  1.21410064,  0.76632411],
       [-0.21627266,  0.30694266,  1.26303271],
       [ 0.24394425,  0.30694266,  1.55534189],
       [ 0.55943132,  0.30694266,  1.0586333 ],
       [ 0.09921441,  0.30694266,  0.76632411]]), 0.9944448, 0)]]
--------------------------------------------------
0.93096644
0.88628036
0.9220483
0.984672
0.9731145
0.9944448
6
[0 1 2 3 4 5]
